
Multiplicacion de Matrices 
 233.00  444.00  289.00  261.00  231.00  142.00  301.00  553.00  261.00  285.00 
 173.00  807.00  269.00  368.00  320.00  222.00  543.00  823.00  453.00  234.00 
 215.00  292.00  187.00  207.00  170.00  317.00  423.00  373.00  300.00  306.00 
 146.00  267.00  185.00  135.00  115.00  137.00  171.00  142.00  183.00  117.00 
 97.00  99.00  166.00  105.00  133.00  118.00  203.00  251.00  87.00  205.00 
 66.00  131.00  175.00  84.00  83.00  98.00  127.00  269.00  105.00  170.00 
 180.00  240.00  177.00  207.00  175.00  379.00  474.00  438.00  301.00  376.00 
 184.00  175.00  126.00  200.00  234.00  810.00  859.00  486.00  444.00  505.00 
 205.00  339.00  211.00  200.00  122.00  97.00  203.00  375.00  220.00  186.00 
 161.00  272.00  153.00  185.00  147.00  265.00  396.00  425.00  274.00  286.00 

