
La inversa de la matriz 1 es: 

 0.02  -0.06  -0.13  0.19  -0.06  0.07  0.03  -0.04  0.09  -0.05 
 0.21  0.22  -0.23  -0.11  -0.06  -0.00  0.03  -0.09  0.05  -0.02 
 -0.02  0.10  0.06  0.01  0.01  -0.00  0.02  -0.04  0.05  0.17 
 -0.11  -0.12  -0.12  -0.06  0.05  -0.13  0.05  -0.03  -0.19  -0.21 
 0.14  0.17  0.08  -0.05  0.14  -0.01  0.00  -0.05  -0.05  0.05 
 0.01  -0.01  0.03  0.04  0.01  -0.00  0.16  0.14  -0.12  -0.05 
 0.04  0.02  -0.12  0.13  -0.09  -0.31  -0.52  0.26  0.19  0.40 
 -0.13  0.35  0.03  -0.01  0.05  0.03  -0.05  0.08  -0.10  -0.04 
 0.03  -0.06  0.04  0.17  0.29  -0.15  -0.06  -0.14  -0.08  0.09 
 0.00  0.00  0.00  0.00  0.00  66906511892130383790080.00  0.00  0.00  0.00  0.00 


La inversa de la matriz 2 es: 

 0.06  0.04  -0.02  -0.03  0.09  -0.03  -0.03  -0.01  0.05  0.02 
 0.02  0.03  0.05  -0.02  0.01  0.04  -0.01  -0.05  -0.08  -0.09 
 0.23  0.05  -0.23  0.06  0.02  0.04  -0.03  0.04  0.07  -0.13 
 -0.03  0.08  -0.03  0.03  0.03  0.02  -0.15  -0.06  0.23  0.11 
 -0.09  0.04  -0.06  0.02  -0.06  0.12  -0.00  -0.10  -0.06  0.02 
 -0.01  0.11  -0.02  0.02  0.18  0.00  -0.20  -0.03  -0.07  0.12 
 0.07  0.02  0.01  -0.02  0.02  0.10  -0.06  0.01  0.04  -0.00 
 -0.01  0.07  0.05  -0.03  -0.19  0.01  -0.07  0.09  0.05  0.07 
 -0.04  -0.13  0.02  0.35  0.12  0.15  -0.29  0.04  -0.10  -0.06 
 0.00  0.00  0.00  0.00  0.00  0.00  0.00  0.00  0.00  18868713344395657609216.00 

