
Matriz transpuesta 1
 0.00  7.00  2.00  1.00  2.00  1.00  5.00  0.00  4.00  3.00 
 11.00  45.00  0.00  0.00  4.00  1.00  0.00  0.00  5.00  5.00 
 23.00  34.00  3.00  0.00  4.00  8.00  8.00  0.00  9.00  6.00 
 4.00  2.00  5.00  3.00  5.00  9.00  6.00  4.00  6.00  7.00 
 5.00  0.00  5.00  6.00  8.00  3.00  4.00  5.00  3.00  2.00 
 7.00  1.00  6.00  7.00  6.00  4.00  5.00  7.00  1.00  3.00 
 8.00  9.00  7.00  9.00  0.00  2.00  3.00  2.00  10.00  4.00 
 3.00  3.00  8.00  1.00  0.00  1.00  10.00  32.00  0.00  6.00 
 0.00  6.00  9.00  5.00  1.00  1.00  9.00  10.00  2.00  9.00 
 10.00  1.00  10.00  0.00  9.00  0.00  11.00  5.00  7.00  9.00 

Matriz transpuesta 2
 0.00  0.00  1.00  2.00  1.00  2.00  13.00  3.00  0.00  7.00 
 0.00  7.00  7.00  0.00  0.00  4.00  21.00  0.00  10.00  1.00 
 1.00  0.00  5.00  8.00  10.00  4.00  8.00  0.00  0.00  0.00 
 3.00  2.00  4.00  1.00  3.00  1.00  9.00  3.00  4.00  4.00 
 2.00  4.00  2.00  1.00  3.00  8.00  3.00  4.00  1.00  3.00 
 9.00  1.00  0.00  3.00  7.00  3.00  0.00  21.00  7.00  0.00 
 4.00  7.00  1.00  5.00  9.00  0.00  2.00  20.00  12.00  6.00 
 0.00  8.00  9.00  18.00  0.00  0.00  7.00  10.00  3.00  10.00 
 3.00  3.00  3.00  3.00  1.00  1.00  11.00  9.00  10.00  2.00 
 8.00  0.00  3.00  10.00  0.00  9.00  0.00  11.00  1.00  8.00 

