
Suma de Matrices 

 0.00  11.00  24.00  7.00  7.00  16.00  12.00  3.00  3.00  18.00 
 7.00  52.00  34.00  4.00  4.00  2.00  16.00  11.00  9.00  1.00 
 3.00  7.00  8.00  9.00  7.00  6.00  8.00  17.00  12.00  13.00 
 3.00  0.00  8.00  4.00  7.00  10.00  14.00  19.00  8.00  10.00 
 3.00  4.00  14.00  8.00  11.00  13.00  9.00  0.00  2.00  9.00 
 3.00  5.00  12.00  10.00  11.00  7.00  2.00  1.00  2.00  9.00 
 18.00  21.00  16.00  15.00  7.00  5.00  5.00  17.00  20.00  11.00 
 3.00  0.00  0.00  7.00  9.00  28.00  22.00  42.00  19.00  16.00 
 4.00  15.00  9.00  10.00  4.00  8.00  22.00  3.00  12.00  8.00 
 10.00  6.00  6.00  11.00  5.00  3.00  10.00  16.00  11.00  17.00 

